journal year, journal position, references
1998, 668, 693
1996, 496, 467
2000, 136, 359
1997, 770, 345
1997, 554, 278
1997, 153, 260
1990, 198, 228
2000, 1268, 220
1998, 1118, 209
1997, 943, 194
1992, 254, 168
1997, 926, 167
2006, 708, 167
2002, 676, 165
2000, 550, 146
1996, 110, 143
1994, 509, 140
1997, 769, 138
1994, 591, 137
1999, 1255, 135
1998, 887, 130
1989, 192, 128
1999, 1178, 125
1994, 96, 122
1997, 272, 121
1998, 1014, 121
1998, 756, 119
1995, 163, 118
1995, 17, 118
1996, 775, 117
1999, 931, 112
1998, 1126, 111
2002, 1271, 111
1997, 679, 110
2000, 1041, 103
1994, 3, 102
1999, 778, 102
2001, 64, 99
2004, 959, 99
1997, 776, 98
1993, 127, 96
1988, 324, 96
1997, 471, 95
1994, 163, 94
2002, 1679, 92
1993, 646, 90
2000, 1037, 90
1999, 636, 89
2000, 1315, 87
1999, 360, 86
2002, 253, 86
1996, 189, 85
1997, 604, 82
2002, 984, 82
1994, 547, 81
1999, 95, 81
2000, 852, 81
2000, 1216, 81
1995, 654, 78
1999, 483, 77
1999, 802, 76
2000, 1104, 76
1997, 885, 75
1994, 627, 74
1997, 945, 74
2000, 489, 74
2004, 2135, 74
1997, 484, 73
2006, 1119, 73
1997, 348, 70
1997, 754, 69
1996, 703, 68
2010, 1228, 68
2006, 1217, 68
1990, 206, 67
2001, 298, 67
2011, 622, 66
2001, 1194, 66
1995, 515, 65
1997, 944, 65
2000, 552, 65
1991, 496, 64
1997, 1083, 64
1997, 661, 64
2000, 958, 64
2008, 1505, 64
2005, 1538, 64
1997, 882, 63
1996, 350, 62
2001, 459, 62
1997, 939, 61
1989, 178, 61
1995, 417, 61
2009, 1241, 61
2000, 948, 60
2000, 118, 60
2000, 1027, 60
1990, 464, 59
1995, 25, 59
1987, 123, 59
1997, 934, 59
2000, 718, 59
1998, 717, 59
2004, 2703, 59
2002, 2074, 59
1996, 402, 58
2003, 391, 58
2000, 306, 57
2002, 1673, 57
2003, 874, 57
1982, 210, 56
1991, 422, 56
1996, 561, 56
2009, 97, 56
1991, 425, 55
1994, 419, 55
1996, 113, 55
1997, 592, 55
1997, 883, 55
2000, 69, 54
2000, 1193, 54
2008, 1056, 54
1994, 2, 53
1991, 24, 53
1997, 752, 53
2000, 239, 53
2001, 1189, 53
1990, 504, 52
1999, 1256, 52
2003, 1302, 52
1991, 450, 51
1994, 368, 51
1991, 464, 51
1997, 741, 51
2000, 703, 51
2000, 816, 51
1999, 532, 51
2001, 27, 51
2003, 1188, 51
1983, 33, 50
1988, 132, 50
1995, 426, 50
1999, 485, 50
2000, 270, 50
2006, 1600, 50
1996, 647, 49
1998, 1063, 49
1995, 433, 48
1993, 50, 47
1996, 367, 47
1990, 306, 47
1991, 444, 47
1997, 940, 47
1989, 175, 47
1995, 601, 47
1998, 1115, 47
1995, 640, 47
2000, 1249, 47
2011, 654, 47
2005, 732, 47
2005, 1199, 47
2004, 1264, 47
1982, 214, 46
1994, 602, 46
1996, 686, 46
2001, 1071, 46
1996, 405, 45
1991, 408, 45
1996, 622, 45
1999, 228, 45
1996, 409, 45
2000, 1157, 45
2003, 2255, 45
1991, 92, 44
2000, 580, 44
1999, 875, 44
2000, 1314, 44
2000, 1191, 44
2004, 1808, 44
2002, 1387, 44
1993, 212, 43
1990, 88, 43
1997, 557, 43
1997, 369, 43
1998, 757, 43
2003, 535, 43
2001, 1080, 43
2003, 1268, 43
1991, 442, 42
1994, 214, 42
1995, 446, 42
1997, 255, 42
1998, 669, 42
2000, 1228, 42
2005, 1398, 42
1975, 234, 41
1989, 21, 41
1997, 31, 41
2004, 1546, 41
1995, 713, 40
1997, 349, 40
2009, 817, 40
2004, 623, 40
2005, 1362, 40
1994, 344, 39
1985, 86, 39
1990, 318, 39
1991, 131, 39
1998, 715, 39
1991, 335, 39
1997, 739, 38
1994, 369, 38
1997, 590, 38
1974, 157, 38
1982, 82, 38
1984, 241, 38
1993, 53, 38
1997, 643, 38
2001, 43, 38
1997, 673, 38
1994, 600, 38
2005, 1479, 38
1992, 85, 37
1991, 457, 37
1991, 234, 37
1965, 113, 37
1974, 231, 37
1997, 270, 37
2005, 2258, 37
1999, 853, 36
1995, 368, 36
1997, 44, 36
1998, 375, 36
1994, 388, 36
2001, 475, 36
1996, 44, 36
2004, 1001, 36
2003, 1061, 36
2002, 804, 36
1997, 726, 35
1990, 297, 35
1997, 43, 35
1997, 602, 35
2001, 509, 35
1995, 243, 35
2001, 84, 35
2002, 1146, 35
2001, 1792, 35
1991, 321, 34
1997, 468, 34
2001, 961, 34
2003, 595, 34
1991, 400, 33
1992, 86, 33
1996, 680, 33
1997, 779, 33
1990, 321, 33
1996, 461, 33
2001, 539, 33
2000, 238, 33
2007, 589, 33
2007, 331, 33
2002, 365, 33
1993, 482, 32
1997, 117, 32
1996, 34, 32
1997, 678, 32
1999, 801, 32
2011, 1016, 32
2002, 1178, 32
2004, 1203, 32
1996, 146, 31
1996, 638, 31
1992, 315, 31
1995, 310, 31
2003, 498, 31
1989, 24, 30
1964, 296, 30
2001, 497, 30
2000, 1324, 30
2000, 269, 30
2009, 33, 30
2003, 717, 30
2009, 341, 30
2007, 769, 30
2003, 594, 30
2004, 889, 30
2003, 1750, 30
2001, 1800, 30
2001, 1368, 30
2002, 2058, 30
1991, 452, 29
1996, 639, 29
1997, 685, 29
1993, 82, 29
1997, 183, 29
1997, 680, 29
1995, 682, 29
1995, 702, 29
1999, 729, 29
2000, 176, 29
2000, 1127, 29
2011, 887, 29
2003, 1152, 29
2010, 679, 29
2010, 857, 29
2005, 1539, 29
2006, 1592, 29
2003, 1568, 29
1992, 451, 28
1994, 406, 28
1992, 101, 28
1997, 449, 28
1993, 34, 28
1994, 415, 28
1999, 1062, 28
1997, 443, 28
1999, 1152, 28
2008, 888, 28
2007, 1378, 28
2009, 753, 28
2003, 844, 28
1991, 179, 27
1987, 180, 27
1995, 704, 27
1997, 932, 27
1989, 154, 27
1990, 385, 27
1997, 164, 27
1991, 332, 27
1997, 603, 27
1999, 774, 27
2001, 748, 27
2002, 1287, 27
2004, 870, 27
2004, 257, 27
2004, 1800, 27
2003, 1609, 27
2001, 1363, 27
2002, 2052, 27
1992, 84, 26
1993, 344, 26
1997, 1026, 26
1992, 314, 26
1982, 147, 26
1998, 1112, 26
1999, 1001, 26
1997, 184, 26
1996, 542, 26
2006, 935, 26
2001, 1353, 26
2001, 1452, 26
1997, 782, 25
1995, 478, 25
1994, 414, 25
1990, 121, 25
1996, 74, 25
1997, 734, 25
1997, 775, 25
1993, 599, 25
1995, 2, 25
1994, 685, 25
1997, 751, 25
1994, 670, 25
1998, 94, 25
1996, 56, 25
2000, 678, 25
1998, 1116, 25
2000, 717, 25
2004, 1252, 25
2008, 1654, 25
2005, 2104, 25
2005, 565, 25
2010, 842, 25
2005, 1363, 25
2002, 1384, 25
2003, 2124, 25
2002, 1069, 25
1993, 416, 24
1991, 460, 24
1994, 165, 24
1984, 187, 24
1994, 704, 24
1996, 261, 24
1998, 1016, 24
1974, 230, 24
1980, 6, 24
1983, 201, 24
1989, 139, 24
1993, 183, 24
1995, 231, 24
1997, 1082, 24
1996, 199, 24
1999, 928, 24
1998, 628, 24
2000, 700, 24
1999, 399, 24
1999, 1215, 24
1996, 640, 24
2000, 702, 24
1998, 929, 24
2003, 2081, 24
2005, 788, 24
2006, 66, 24
1993, 29, 23
1985, 100, 23
1990, 253, 23
1991, 161, 23
1992, 78, 23
1991, 461, 23
1994, 196, 23
1985, 60, 23
1990, 222, 23
2000, 704, 23
2000, 1251, 23
2000, 26, 23
2001, 301, 23
2009, 1323, 23
2001, 1149, 23
2007, 1238, 23
1990, 149, 22
1991, 128, 22
1988, 135, 22
1990, 422, 22
1997, 933, 22
1997, 780, 22
1998, 607, 22
1997, 591, 22
2000, 665, 22
2001, 508, 22
2001, 538, 22
2000, 1252, 22
2001, 784, 22
2001, 1405, 22
2003, 1651, 22
2003, 1864, 22
2003, 2217, 22
2002, 1515, 22
2003, 79, 22
1989, 180, 21
1993, 78, 21
1997, 686, 21
1994, 25, 21
1994, 355, 21
1994, 421, 21
1995, 701, 21
1999, 412, 21
1999, 484, 21
1997, 677, 21
1999, 1101, 21
1996, 704, 21
1992, 16, 21
2000, 271, 21
1997, 722, 21
1997, 1041, 21
1997, 840, 21
2001, 635, 21
2003, 1608, 21
2009, 800, 21
2005, 727, 21
2007, 818, 21
2003, 424, 21
2011, 657, 21
2011, 696, 21
2004, 626, 21
2006, 1834, 21
2003, 1966, 21
2004, 593, 21
2004, 177, 21
2003, 1143, 21
1997, 971, 20
2000, 5, 20
1983, 203, 20
1995, 692, 20
1996, 395, 20
1997, 569, 20
1995, 390, 20
2000, 1158, 20
1998, 1019, 20
1997, 24, 20
1992, 174, 20
1997, 518, 20
2000, 654, 20
2000, 855, 20
2001, 634, 20
1998, 860, 20
1999, 255, 20
2002, 1070, 20
2008, 1367, 20
2009, 120, 20
2009, 1278, 20
2010, 1578, 20
2001, 924, 20
2005, 1485, 20
2001, 1190, 20
1991, 446, 19
1996, 329, 19
1997, 128, 19
1983, 35, 19
1985, 99, 19
1991, 474, 19
1994, 385, 19
1995, 406, 19
1997, 884, 19
1998, 685, 19
1997, 553, 19
1995, 504, 19
1994, 1, 19
2000, 70, 19
1999, 486, 19
2000, 983, 19
1999, 400, 19
1997, 299, 19
1996, 646, 19
1997, 1104, 19
2000, 548, 19
1999, 935, 19
2000, 28, 19
2001, 45, 19
2008, 1570, 19
2001, 1229, 19
2003, 155, 19
2005, 757, 19
2004, 577, 19
2003, 774, 19
2005, 1110, 19
2004, 535, 19
2004, 1804, 19
2001, 1509, 19
2003, 1652, 19
2008, 1344, 19
1990, 298, 18
1997, 403, 18
1998, 431, 18
1976, 122, 18
1993, 205, 18
1998, 872, 18
1996, 62, 18
1997, 753, 18
1998, 414, 18
1999, 439, 18
2001, 764, 18
2001, 1075, 18
2001, 1354, 18
2008, 1109, 18
2005, 719, 18
2009, 1540, 18
2001, 1150, 18
2003, 1939, 18
2001, 968, 18
1991, 253, 17
1992, 428, 17
1994, 626, 17
1996, 776, 17
1996, 269, 17
1990, 19, 17
1997, 692, 17
1991, 329, 17
1993, 280, 17
1982, 125, 17
1971, 252, 17
1982, 81, 17
1984, 242, 17
1989, 11, 17
2001, 166, 17
2000, 180, 17
2000, 383, 17
2000, 462, 17
1997, 469, 17
1998, 905, 17
1998, 1076, 17
2001, 1805, 17
2008, 416, 17
2003, 2260, 17
2006, 1658, 17
2006, 1700, 17
2005, 1366, 17
2003, 1151, 17
2007, 162, 17
1993, 602, 16
1991, 480, 16
1997, 1086, 16
1991, 31, 16
1991, 80, 16
1986, 193, 16
1991, 492, 16
1995, 288, 16
1994, 70, 16
1996, 621, 16
1998, 758, 16
1997, 724, 16
1997, 942, 16
1996, 636, 16
1996, 357, 16
1997, 1080, 16
2001, 499, 16
2001, 320, 16
2011, 235, 16
2002, 1660, 16
2004, 2407, 16
2003, 2256, 16
2006, 470, 16
2009, 206, 16
2004, 2405, 16
2003, 408, 16
2004, 1954, 16
2003, 1450, 16
2004, 1291, 16
2007, 849, 16
2003, 1176, 16
1998, 310, 15
1996, 465, 15
1984, 275, 15
1997, 152, 15
1986, 202, 15
1998, 930, 15
2000, 1008, 15
1995, 700, 15
1995, 791, 15
1999, 999, 15
1998, 1119, 15
1999, 500, 15
2001, 580, 15
1997, 72, 15
2000, 991, 15
2001, 18, 15
1999, 170, 15
1999, 499, 15
1999, 700, 15
2000, 483, 15
2000, 1100, 15
2000, 1316, 15
2006, 1635, 15
2005, 71, 15
2011, 322, 15
2008, 1316, 15
2002, 1385, 15
2003, 2276, 15
2004, 594, 15
2001, 1069, 15
2005, 1203, 15
2005, 1420, 15
2004, 894, 15
2005, 1537, 15
2006, 1832, 15
2002, 1145, 15
2003, 1865, 15
2003, 1505, 15
2003, 2036, 15
2011, 1378, 15
2002, 1112, 15
1997, 407, 14
1996, 723, 14
1998, 759, 14
1998, 576, 14
1994, 593, 14
1985, 98, 14
1995, 474, 14
1993, 431, 14
1985, 85, 14
1995, 681, 14
1998, 983, 14
1999, 1280, 14
1996, 283, 14
1997, 675, 14
1998, 1015, 14
1996, 177, 14
2000, 543, 14
1999, 596, 14
1999, 777, 14
2008, 1027, 14
2011, 398, 14
2006, 1590, 14
2003, 1142, 14
2005, 1417, 14
2003, 2037, 14
2005, 1438, 14
2007, 1243, 14
2003, 363, 14
2004, 1691, 14
2001, 1117, 14
2006, 1410, 14
2002, 1802, 14
2011, 1707, 14
2001, 1085, 14
1982, 187, 13
1982, 124, 13
1990, 251, 13
1990, 191, 13
1997, 538, 13
1991, 491, 13
1997, 296, 13
1998, 684, 13
1981, 124, 13
1996, 32, 13
1990, 462, 13
1993, 52, 13
1998, 383, 13
1998, 578, 13
1981, 101, 13
1985, 262, 13
1991, 443, 13
1993, 1, 13
1995, 439, 13
1995, 60, 13
1995, 418, 13
1998, 382, 13
1998, 787, 13
1995, 443, 13
1998, 610, 13
1997, 1042, 13
1994, 473, 13
1983, 173, 13
1997, 938, 13
1995, 29, 13
1995, 475, 13
1997, 495, 13
2001, 247, 13
1996, 687, 13
1997, 1079, 13
2001, 627, 13
1997, 555, 13
1997, 688, 13
2000, 1250, 13
1999, 1100, 13
1999, 1236, 13
2001, 679, 13
2011, 808, 13
2008, 1486, 13
2009, 157, 13
2010, 301, 13
2004, 514, 13
2004, 2641, 13
2005, 70, 13
2005, 461, 13
2005, 680, 13
2005, 821, 13
2005, 1181, 13
2005, 1416, 13
2006, 118, 13
2006, 467, 13
2009, 11, 13
2007, 137, 13
2001, 1546, 13
2002, 265, 13
2002, 1102, 13
2003, 1323, 13
2005, 1413, 13
2005, 2205, 13
2007, 766, 13
2002, 1182, 13
2007, 125, 13
2008, 1571, 13
2008, 1308, 13
2002, 2055, 13
1991, 350, 12
1994, 239, 12
1994, 313, 12
1991, 93, 12
1991, 127, 12
1994, 118, 12
1990, 179, 12
1991, 419, 12
1964, 93, 12
1990, 180, 12
1994, 703, 12
2000, 985, 12
1993, 600, 12
1975, 91, 12
1999, 139, 12
1997, 511, 12
1998, 773, 12
1996, 719, 12
1999, 75, 12
1995, 78, 12
1997, 1040, 12
1997, 539, 12
2000, 1156, 12
1974, 280, 12
1996, 335, 12
2001, 452, 12
1997, 733, 12
1999, 885, 12
1997, 55, 12
1997, 357, 12
2000, 1323, 12
2000, 805, 12
2011, 1092, 12
2008, 1112, 12
2009, 299, 12
2009, 918, 12
2009, 989, 12
2009, 1374, 12
2010, 1116, 12
2010, 1363, 12
2010, 1465, 12
2010, 1723, 12
2006, 1043, 12
2009, 59, 12
2005, 1484, 12
2006, 1225, 12
2004, 39, 12
2002, 764, 12
2003, 360, 12
2003, 1035, 12
2003, 1121, 12
2004, 101, 12
2002, 199, 12
2002, 715, 12
2005, 1462, 12
2006, 659, 12
2006, 1009, 12
2006, 1192, 12
2007, 116, 12
2001, 1784, 12
2009, 504, 12
2002, 1824, 12
1992, 359, 11
1967, 110, 11
1982, 215, 11
1993, 629, 11
1989, 190, 11
1982, 230, 11
1984, 184, 11
1990, 431, 11
1993, 184, 11
1991, 28, 11
1971, 114, 11
2000, 1009, 11
1998, 1060, 11
1998, 577, 11
1996, 2, 11
1997, 506, 11
1995, 59, 11
1997, 504, 11
1997, 690, 11
1997, 370, 11
2000, 648, 11
2000, 1092, 11
1996, 459, 11
1971, 115, 11
2000, 1099, 11
1997, 740, 11
1998, 575, 11
1996, 145, 11
2000, 230, 11
2009, 458, 11
2006, 319, 11
2010, 146, 11
2006, 1031, 11
2002, 1208, 11
2009, 545, 11
2010, 530, 11
2011, 440, 11
2009, 1664, 11
2009, 1706, 11
2003, 1935, 11
2008, 1320, 11
2008, 101, 11
2009, 716, 11
2009, 100, 11
2004, 41, 11
2004, 891, 11
2004, 1692, 11
2005, 1298, 11
2005, 1495, 11
2006, 1353, 11
2002, 1849, 11
2004, 75, 11
2004, 871, 11
2005, 98, 11
2007, 662, 11
2002, 1661, 11
2004, 896, 11
2006, 1648, 11
2006, 1647, 11
2007, 664, 11
2008, 1651, 11
2011, 1203, 11
2002, 1957, 11
2002, 1360, 11
1993, 598, 10
1992, 360, 10
1994, 384, 10
1995, 18, 10
1988, 195, 10
1991, 372, 10
1989, 155, 10
1996, 593, 10
1984, 34, 10
1997, 777, 10
1997, 950, 10
1996, 585, 10
1995, 31, 10
1994, 535, 10
1995, 335, 10
1990, 59, 10
1993, 202, 10
1995, 299, 10
1995, 435, 10
1999, 437, 10
1997, 689, 10
1997, 505, 10
2000, 551, 10
1996, 410, 10
1998, 118, 10
1994, 398, 10
1998, 1114, 10
2001, 465, 10
2001, 474, 10
1999, 689, 10
1995, 794, 10
1996, 720, 10
2001, 747, 10
1997, 725, 10
2001, 56, 10
1997, 1084, 10
2000, 701, 10
2000, 1107, 10
2001, 92, 10
2001, 811, 10
2001, 1450, 10
2005, 610, 10
2010, 1700, 10
2011, 432, 10
2010, 620, 10
2009, 1317, 10
2006, 1775, 10
2011, 390, 10
2007, 859, 10
2005, 141, 10
2001, 954, 10
2004, 353, 10
2005, 1493, 10
2007, 343, 10
2003, 592, 10
2002, 1672, 10
2003, 1759, 10
2005, 202, 10
2004, 1783, 10
2004, 2091, 10
2004, 2356, 10
2004, 2384, 10
2005, 185, 10
2005, 1024, 10
2005, 1239, 10
2005, 1478, 10
2006, 466, 10
2004, 2087, 10
2003, 1502, 10
2006, 711, 10
2010, 1307, 10
2007, 432, 10
2009, 39, 10
2009, 1589, 10
2011, 1280, 10
2003, 2273, 10
2002, 655, 10
1990, 541, 9
1991, 151, 9
1992, 20, 9
1993, 180, 9
1994, 285, 9
1990, 506, 9
1997, 732, 9
1986, 180, 9
1989, 107, 9
1989, 443, 9
1989, 250, 9
1997, 723, 9
1998, 1064, 9
1998, 1121, 9
1998, 931, 9
1985, 49, 9
1992, 144, 9
1985, 276, 9
1994, 362, 9
1999, 1279, 9
1996, 268, 9
1996, 493, 9
1997, 1044, 9
1996, 315, 9
1998, 681, 9
1994, 536, 9
1991, 351, 9
1998, 961, 9
1992, 18, 9
2001, 42, 9
2000, 960, 9
1997, 297, 9
1997, 589, 9
1999, 1281, 9
2000, 554, 9
1999, 750, 9
1999, 1216, 9
2000, 649, 9
2007, 426, 9
2007, 1288, 9
2010, 655, 9
2007, 1671, 9
2008, 745, 9
2009, 1075, 9
2007, 272, 9
2003, 2125, 9
2005, 1109, 9
2005, 954, 9
2005, 1361, 9
2004, 1492, 9
2006, 1218, 9
2005, 1085, 9
2005, 1412, 9
2005, 1316, 9
2008, 731, 9
2002, 820, 9
2007, 791, 9
2005, 1494, 9
2001, 1403, 9
2004, 2426, 9
2007, 539, 9
2007, 903, 9
2008, 162, 9
2008, 648, 9
2008, 686, 9
2008, 802, 9
2008, 1485, 9
2009, 104, 9
2009, 171, 9
2009, 1051, 9
2009, 1474, 9
2010, 46, 9
2007, 850, 9
2011, 451, 9
2003, 148, 9
2002, 1363, 9
2003, 1326, 9
2003, 1660, 9
2007, 1242, 9
2003, 78, 9
1993, 486, 8
1992, 341, 8
1990, 390, 8
1991, 459, 8
1995, 1, 8
1998, 204, 8
1998, 25, 8
1982, 228, 8
1985, 162, 8
1999, 964, 8
1999, 1063, 8
1996, 61, 8
1996, 148, 8
1999, 572, 8
1991, 91, 8
1998, 632, 8
2000, 693, 8
1997, 496, 8
1996, 262, 8
1993, 250, 8
2001, 610, 8
1989, 187, 8
1990, 173, 8
2000, 291, 8
2000, 1086, 8
1997, 1078, 8
1975, 94, 8
1999, 587, 8
1995, 221, 8
1999, 180, 8
1999, 243, 8
1999, 402, 8
2000, 679, 8
2000, 1118, 8
2000, 1311, 8
2001, 473, 8
2006, 1587, 8
2006, 1615, 8
2009, 1316, 8
2006, 1401, 8
2008, 1546, 8
2010, 1725, 8
2003, 1956, 8
2007, 427, 8
2001, 733, 8
2002, 1204, 8
2010, 675, 8
2010, 1018, 8
2006, 826, 8
2005, 65, 8
2004, 2355, 8
2007, 666, 8
2007, 1287, 8
2008, 1318, 8
2002, 1922, 8
2003, 2218, 8
2006, 651, 8
2006, 723, 8
2006, 970, 8
2006, 1379, 8
2006, 1537, 8
2006, 1656, 8
2007, 58, 8
2006, 1588, 8
2006, 141, 8
2004, 1263, 8
2007, 95, 8
2004, 303, 8
2005, 1314, 8
2004, 219, 8
2006, 1409, 8
2008, 1133, 8
2009, 585, 8
2009, 1178, 8
2011, 245, 8
2011, 678, 8
2011, 1135, 8
2003, 760, 8
2009, 788, 8
2010, 513, 8
2001, 1350, 8
2009, 666, 8
2003, 1611, 8
2008, 1227, 8
1983, 68, 7
1991, 75, 7
1993, 133, 7
1994, 48, 7
1991, 373, 7
1992, 499, 7
1982, 267, 7
1984, 268, 7
1986, 1, 7
1990, 58, 7
1992, 321, 7
1994, 339, 7
1996, 492, 7
1994, 312, 7
1994, 516, 7
1993, 240, 7
1994, 601, 7
1989, 104, 7
1990, 86, 7
1983, 144, 7
1994, 36, 7
1998, 430, 7
1998, 471, 7
1993, 213, 7
2000, 1321, 7
2000, 1165, 7
1997, 298, 7
1997, 691, 7
1995, 574, 7
1999, 934, 7
1996, 355, 7
1982, 145, 7
1999, 682, 7
1996, 499, 7
1996, 774, 7
1996, 406, 7
1963, 279, 7
1996, 583, 7
2001, 21, 7
1998, 1065, 7
2000, 46, 7
2000, 67, 7
2000, 946, 7
1998, 1117, 7
2001, 877, 7
2005, 684, 7
2007, 1239, 7
2007, 1672, 7
2008, 586, 7
2008, 411, 7
2011, 585, 7
2008, 1315, 7
2010, 1724, 7
2008, 1370, 7
2001, 91, 7
1998, 486, 7
2007, 124, 7
2011, 1381, 7
2011, 903, 7
2005, 1087, 7
2004, 2067, 7
2004, 2742, 7
2005, 1496, 7
2003, 1304, 7
2003, 1452, 7
2004, 1530, 7
2005, 113, 7
2007, 1280, 7
2002, 1176, 7
2007, 794, 7
2002, 1179, 7
2002, 1684, 7
2003, 1957, 7
2006, 1699, 7
2004, 2779, 7
2006, 1824, 7
2005, 925, 7
2006, 1400, 7
2006, 1701, 7
2007, 381, 7
2004, 1956, 7
2004, 386, 7
2009, 156, 7
2002, 1683, 7
2003, 1380, 7
2002, 1805, 7
2010, 626, 7
2010, 826, 7
2011, 829, 7
2011, 1430, 7
2009, 649, 7
2008, 560, 7
2008, 782, 7
2008, 1080, 7
2009, 533, 7
2009, 742, 7
2002, 1183, 7
2002, 1412, 7
2006, 519, 7
2004, 873, 7
2008, 1770, 7
2003, 392, 7
2004, 2416, 7
2002, 1682, 7
2003, 718, 7
2003, 660, 7
2002, 2054, 7
2001, 1441, 7
2003, 450, 7
2007, 558, 7
2003, 1070, 7
2003, 1144, 7
2001, 1444, 7
2004, 625, 7
2004, 877, 7
2010, 473, 7
2003, 1851, 7
2003, 1953, 7
1982, 289, 6
1985, 138, 6
1994, 195, 6
1991, 201, 6
1984, 272, 6
1997, 499, 6
1994, 150, 6
1991, 473, 6
1989, 137, 6
1989, 441, 6
1996, 118, 6
1990, 398, 6
1990, 465, 6
1995, 77, 6
1989, 156, 6
1987, 202, 6
1994, 37, 6
2000, 268, 6
1994, 471, 6
1994, 615, 6
1991, 178, 6
1989, 195, 6
1992, 368, 6
1972, 312, 6
1991, 235, 6
1995, 486, 6
1996, 33, 6
1995, 564, 6
1996, 475, 6
1995, 420, 6
2000, 272, 6
1962, 48, 6
1990, 461, 6
1995, 152, 6
1996, 211, 6
2000, 131, 6
2000, 1103, 6
2001, 24, 6
2000, 384, 6
1996, 491, 6
1985, 769, 6
1985, 782, 6
1985, 882, 6
2000, 547, 6
1984, 24, 6
2000, 1167, 6
1999, 930, 6
1999, 527, 6
1999, 7, 6
2001, 19, 6
1999, 1106, 6
2000, 117, 6
2001, 761, 6
2000, 787, 6
1992, 17, 6
1997, 154, 6
1996, 474, 6
2000, 1319, 6
1998, 594, 6
2000, 293, 6
2000, 819, 6
1997, 1085, 6
1999, 401, 6
1999, 702, 6
2000, 1318, 6
2008, 1460, 6
2008, 1507, 6
2009, 595, 6
2004, 2390, 6
2009, 466, 6
2011, 781, 6
2008, 1179, 6
2009, 609, 6
2010, 853, 6
2011, 779, 6
2011, 459, 6
2011, 981, 6
2008, 394, 6
2006, 1532, 6
2010, 229, 6
2001, 1116, 6
2011, 551, 6
2011, 1208, 6
2001, 1050, 6
2001, 1615, 6
2005, 1418, 6
2005, 1468, 6
2006, 1381, 6
2001, 1371, 6
2005, 756, 6
2005, 1397, 6
2006, 1534, 6
2006, 1199, 6
2005, 1954, 6
2007, 557, 6
2001, 1638, 6
2004, 1262, 6
2004, 2533, 6
2005, 491, 6
2005, 1419, 6
2007, 319, 6
2007, 831, 6
2004, 2619, 6
2005, 1365, 6
2007, 661, 6
2005, 1683, 6
2005, 1486, 6
2005, 1025, 6
2011, 1391, 6
2002, 1059, 6
2001, 1802, 6
2001, 1382, 6
2009, 1375, 6
2010, 669, 6
2011, 273, 6
2011, 1645, 6
2009, 69, 6
2007, 1172, 6
2002, 1301, 6
2002, 1826, 6
2002, 558, 6
2002, 1806, 6
2004, 882, 6
2009, 101, 6
2009, 1035, 6
2011, 1368, 6
2003, 1303, 6
2008, 865, 6
2003, 2216, 6
2003, 1693, 6
2010, 352, 6
2010, 996, 6
1982, 19, 5
1990, 197, 5
1990, 423, 5
1992, 252, 5
1992, 455, 5
1969, 96, 5
1982, 273, 5
1991, 371, 5
1991, 943, 5
1989, 148, 5
1992, 27, 5
1991, 287, 5
1997, 509, 5
1989, 349, 5
2000, 256, 5
1994, 645, 5
1995, 488, 5
1994, 396, 5
1985, 15, 5
1995, 333, 5
1991, 25, 5
1990, 517, 5
1994, 482, 5
1990, 124, 5
1991, 236, 5
1993, 211, 5
2000, 904, 5
1997, 497, 5
1997, 507, 5
1998, 778, 5
1974, 84, 5
1989, 163, 5
1989, 241, 5
1998, 1059, 5
1993, 584, 5
1998, 886, 5
1997, 738, 5
2000, 354, 5
1995, 472, 5
1999, 874, 5
1999, 1151, 5
1999, 436, 5
1993, 342, 5
1997, 89, 5
1994, 472, 5
1989, 23, 5
1994, 265, 5
1939, 419, 5
1990, 322, 5
1996, 773, 5
2001, 628, 5
2000, 1126, 5
1997, 143, 5
1998, 1058, 5
1997, 783, 5
2000, 988, 5
2001, 506, 5
1991, 200, 5
1997, 118, 5
1997, 500, 5
1995, 480, 5
1995, 481, 5
1995, 261, 5
1996, 460, 5
1999, 547, 5
1997, 731, 5
2000, 356, 5
1999, 980, 5
1999, 96, 5
1999, 932, 5
1997, 715, 5
1997, 593, 5
2000, 1186, 5
2001, 167, 5
2000, 698, 5
2001, 953, 5
2011, 764, 5
2008, 740, 5
2009, 485, 5
2009, 825, 5
2009, 958, 5
2009, 1704, 5
2010, 912, 5
2010, 1459, 5
2010, 1655, 5
2006, 1540, 5
2010, 858, 5
2009, 362, 5
2010, 230, 5
2011, 173, 5
2009, 1176, 5
2011, 763, 5
2010, 1474, 5
2011, 767, 5
2010, 531, 5
2005, 1091, 5
2008, 917, 5
2001, 969, 5
2001, 1070, 5
2000, 1070, 5
2000, 1317, 5
2000, 1071, 5
2000, 531, 5
2011, 789, 5
2002, 665, 5
2006, 1413, 5
2007, 390, 5
2006, 469, 5
2001, 1438, 5
2004, 1925, 5
2005, 1248, 5
2004, 2783, 5
2008, 367, 5
2003, 2201, 5
2007, 845, 5
2008, 214, 5
2008, 649, 5
2008, 1015, 5
2004, 962, 5
2004, 895, 5
2004, 868, 5
2011, 1429, 5
2004, 2157, 5
2006, 1414, 5
2004, 1207, 5
2008, 1547, 5
2010, 13, 5
2010, 1037, 5
2007, 540, 5
2001, 1349, 5
2010, 1726, 5
2004, 2442, 5
2005, 1492, 5
2009, 106, 5
2003, 1958, 5
2005, 1154, 5
2005, 1411, 5
2006, 1030, 5
2002, 87, 5
2002, 371, 5
2002, 220, 5
2005, 68, 5
2010, 227, 5
2002, 205, 5
2001, 1787, 5
2002, 693, 5
2002, 1267, 5
2003, 1454, 5
2007, 1170, 5
2003, 1590, 5
2001, 1791, 5
2001, 1793, 5
2007, 732, 5
2004, 880, 5
2009, 1052, 5
2007, 542, 5
2007, 587, 5
2005, 1400, 5
2011, 159, 5
2003, 2035, 5
2010, 145, 5
2010, 307, 5
1992, 113, 4
1987, 181, 4
1989, 33, 4
1997, 556, 4
1990, 344, 4
1993, 21, 4
1993, 201, 4
1994, 17, 4
1989, 442, 4
1991, 493, 4
1997, 251, 4
1992, 426, 4
1980, 26, 4
1980, 111, 4
1982, 55, 4
1983, 185, 4
1984, 183, 4
1986, 228, 4
1987, 186, 4
1990, 201, 4
1991, 513, 4
1990, 95, 4
1990, 199, 4
1990, 518, 4
1991, 18, 4
1983, 207, 4
1998, 164, 4
1950, 336, 4
1954, 284, 4
1998, 1123, 4
1995, 617, 4
1992, 41, 4
1992, 114, 4
1986, 70, 4
1994, 418, 4
1995, 724, 4
1995, 471, 4
1994, 363, 4
1974, 141, 4
1981, 23, 4
1986, 201, 4
1988, 134, 4
1990, 319, 4
1991, 226, 4
1989, 57, 4
1983, 163, 4
1997, 721, 4
1996, 236, 4
1999, 966, 4
1997, 951, 4
1998, 485, 4
1969, 159, 4
1972, 193, 4
1998, 650, 4
1998, 946, 4
1989, 435, 4
1989, 92, 4
1996, 102, 4
1983, 99, 4
1983, 145, 4
1994, 592, 4
1997, 628, 4
1982, 271, 4
1995, 629, 4
1989, 158, 4
1991, 266, 4
1995, 641, 4
1993, 60, 4
1994, 332, 4
1996, 235, 4
1995, 575, 4
1993, 645, 4
1966, 150, 4
1959, 170, 4
1996, 1, 4
1970, 245, 4
1992, 456, 4
1990, 89, 4
2001, 638, 4
1996, 390, 4
2000, 839, 4
1997, 318, 4
1993, 248, 4
1996, 489, 4
1974, 142, 4
1972, 298, 4
1991, 271, 4
1997, 406, 4
1995, 482, 4
1997, 252, 4
1997, 253, 4
1997, 254, 4
1982, 291, 4
1999, 775, 4
1999, 1042, 4
2000, 353, 4
1999, 929, 4
2000, 553, 4
1999, 776, 4
1996, 245, 4
2000, 1312, 4
2001, 82, 4
2001, 25, 4
2000, 1097, 4
2001, 637, 4
2001, 603, 4
2011, 690, 4
2004, 2572, 4
2011, 1039, 4
2011, 181, 4
2011, 855, 4
2010, 1475, 4
2010, 278, 4
2005, 1414, 4
2009, 1676, 4
2010, 226, 4
2010, 1593, 4
2005, 1020, 4
2008, 1618, 4
2009, 1705, 4
2010, 250, 4
2010, 320, 4
2010, 991, 4
2001, 875, 4
2001, 1207, 4
2001, 386, 4
2009, 1219, 4
2010, 104, 4
2011, 586, 4
2011, 1367, 4
2002, 2, 4
2001, 1799, 4
2007, 136, 4
2007, 1381, 4
2011, 13, 4
2006, 1437, 4
2006, 360, 4
2005, 1019, 4
2002, 1362, 4
2007, 217, 4
2006, 1028, 4
2007, 1187, 4
2007, 1382, 4
2008, 444, 4
2008, 826, 4
2005, 1204, 4
2005, 1396, 4
2005, 462, 4
2006, 1166, 4
2007, 538, 4
2006, 1589, 4
2006, 1847, 4
2007, 1169, 4
2007, 1208, 4
2007, 731, 4
2007, 1845, 4
2008, 609, 4
2008, 706, 4
2008, 772, 4
2008, 779, 4
2008, 796, 4
2004, 1163, 4
2007, 219, 4
2008, 894, 4
2006, 61, 4
2011, 1386, 4
2007, 1218, 4
2002, 206, 4
2006, 1044, 4
2008, 1431, 4
2011, 1389, 4
2002, 1058, 4
2007, 74, 4
2006, 1522, 4
2007, 571, 4
2002, 33, 4
2002, 1239, 4
2001, 1193, 4
2007, 89, 4
2003, 721, 4
2009, 711, 4
2008, 1317, 4
2005, 60, 4
2005, 289, 4
2006, 127, 4
2004, 66, 4
2001, 734, 4
2003, 658, 4
2004, 444, 4
2001, 1198, 4
2011, 1634, 4
2007, 1206, 4
2001, 1623, 4
2002, 732, 4
2002, 370, 4
2002, 108, 4
2001, 1686, 4
2002, 1033, 4
2002, 1143, 4
2001, 1407, 4
2005, 787, 4
2001, 1803, 4
2002, 2022, 4
2003, 1592, 4
2011, 1371, 4
2008, 1458, 4
2006, 1045, 4
2004, 287, 4
2003, 1852, 4
2008, 415, 4
2010, 143, 4
2009, 964, 4
2011, 1206, 4
2010, 745, 4
2006, 721, 4
2008, 1055, 4
2011, 778, 4
2010, 1442, 4
2006, 631, 4
2006, 843, 4
2007, 1293, 4
2010, 1016, 4
2003, 1190, 4
2003, 1451, 4
2008, 1237, 4
2008, 958, 4
2009, 1070, 4
2007, 493, 4
2004, 464, 4
2001, 1447, 4
2003, 15, 4
2003, 2020, 4
2003, 1154, 4
2002, 1671, 4
2003, 1934, 4
2003, 2220, 4
2003, 2275, 4
1993, 46, 3
1993, 247, 3
1993, 585, 3
1994, 201, 3
1992, 939, 3
1992, 945, 3
1997, 119, 3
1991, 462, 3
1998, 176, 3
1997, 224, 3
1958, 224, 3
1963, 328, 3
1964, 59, 3
1989, 221, 3
1998, 847, 3
1998, 916, 3
1997, 994, 3
1983, 143, 3
1991, 74, 3
1991, 472, 3
1991, 470, 3
1995, 428, 3
1972, 166, 3
1989, 436, 3
1993, 154, 3
1991, 602, 3
1987, 124, 3
1963, 116, 3
1990, 223, 3
1994, 567, 3
1997, 32, 3
1995, 184, 3
1999, 685, 3
1962, 153, 3
1996, 352, 3
1996, 495, 3
1998, 1255, 3
1989, 194, 3
1998, 611, 3
1992, 30, 3
1996, 396, 3
1985, 91, 3
1990, 120, 3
1995, 427, 3
1995, 434, 3
1996, 190, 3
1999, 526, 3
1999, 548, 3
1968, 63, 3
1984, 129, 3
1989, 389, 3
1996, 257, 3
1992, 31, 3
1995, 154, 3
1995, 684, 3
2000, 820, 3
1997, 714, 3
1984, 96, 3
1996, 347, 3
1997, 105, 3
1998, 1018, 3
1997, 682, 3
1994, 224, 3
1996, 42, 3
1991, 471, 3
1992, 40, 3
1962, 49, 3
1991, 5, 3
1991, 203, 3
1993, 251, 3
1996, 3, 3
1982, 79, 3
1997, 629, 3
1997, 805, 3
1997, 651, 3
1997, 209, 3
1991, 554, 3
1998, 366, 3
1998, 966, 3
1996, 387, 3
1971, 118, 3
1992, 450, 3
1998, 360, 3
1998, 984, 3
1998, 1061, 3
1999, 6, 3
1998, 36, 3
1999, 1150, 3
1978, 130, 3
1997, 271, 3
1993, 249, 3
1998, 554, 3
2000, 632, 3
2000, 381, 3
1997, 774, 3
1997, 1045, 3
1999, 618, 3
1999, 681, 3
1984, 174, 3
2000, 488, 3
2001, 26, 3
2001, 477, 3
1999, 1227, 3
2000, 1320, 3
2001, 809, 3
2000, 357, 3
2000, 601, 3
2009, 1585, 3
2011, 676, 3
2010, 1536, 3
2004, 2702, 3
2006, 501, 3
2009, 337, 3
2009, 1277, 3
2009, 434, 3
2011, 531, 3
2009, 1690, 3
2010, 668, 3
2007, 880, 3
2004, 2781, 3
2011, 814, 3
1997, 681, 3
2000, 358, 3
2001, 44, 3
2000, 903, 3
1999, 549, 3
2001, 744, 3
2001, 602, 3
2003, 1031, 3
2004, 1351, 3
2008, 1355, 3
2010, 935, 3
2006, 1123, 3
2007, 790, 3
2007, 905, 3
2007, 556, 3
2001, 1321, 3
2001, 1115, 3
2001, 1643, 3
2001, 1404, 3
2002, 32, 3
2008, 1391, 3
2009, 720, 3
2004, 1206, 3
2001, 1402, 3
2005, 1459, 3
2006, 1011, 3
2005, 115, 3
2005, 1458, 3
2004, 1842, 3
2002, 1803, 3
2003, 1569, 3
2005, 1997, 3
2007, 277, 3
2002, 1440, 3
2001, 1081, 3
2001, 1409, 3
2002, 185, 3
2005, 401, 3
2007, 1095, 3
2004, 2571, 3
2004, 2681, 3
2008, 915, 3
2008, 732, 3
2008, 1012, 3
2006, 328, 3
2005, 1297, 3
2005, 1440, 3
2002, 982, 3
2004, 65, 3
2005, 1042, 3
2006, 638, 3
2006, 934, 3
2006, 1399, 3
2005, 1410, 3
2010, 284, 3
2004, 1205, 3
2010, 1384, 3
2009, 571, 3
2009, 592, 3
2010, 45, 3
2001, 973, 3
2001, 1383, 3
2006, 790, 3
2004, 285, 3
2011, 196, 3
2009, 308, 3
2010, 943, 3
2010, 1020, 3
2011, 1183, 3
2011, 1059, 3
2011, 1202, 3
2009, 286, 3
2008, 1506, 3
2007, 721, 3
2007, 1414, 3
2008, 850, 3
2009, 659, 3
1995, 792, 3
2005, 1460, 3
2005, 1480, 3
2009, 662, 3
2004, 2406, 3
2006, 447, 3
2006, 587, 3
2006, 1535, 3
2001, 1591, 3
2003, 1503, 3
2004, 1693, 3
2011, 1431, 3
2009, 641, 3
2007, 437, 3
2002, 1688, 3
2002, 926, 3
2002, 1184, 3
2001, 925, 3
2005, 682, 3
2005, 1524, 3
2010, 651, 3
2002, 1177, 3
2001, 1446, 3
2002, 937, 3
2002, 364, 3
2001, 854, 3
2011, 777, 3
2007, 590, 3
2008, 521, 3
2008, 606, 3
2003, 1187, 3
2002, 976, 3
2001, 1367, 3
2003, 514, 3
2002, 85, 3
2002, 1088, 3
2008, 1288, 3
2009, 669, 3
2002, 1237, 3
2007, 560, 3
2009, 966, 3
2009, 700, 3
2002, 447, 3
2003, 789, 3
2003, 515, 3
2008, 1655, 3
2003, 873, 3
2003, 1838, 3
2003, 1612, 3
2008, 1464, 3
2003, 1548, 3
2003, 2262, 3
2007, 1033, 3
2002, 1007, 3
2003, 1153, 3
2003, 1840, 3
2007, 660, 3
2007, 273, 3
2007, 1292, 3
2010, 804, 3
2009, 574, 3
2002, 18, 3
2009, 1322, 3
2005, 1108, 3
2006, 658, 3
2007, 847, 3
1989, 445, 2
1991, 320, 2
1993, 279, 2
1993, 117, 2
1985, 17, 2
1992, 498, 2
1993, 23, 2
1992, 74, 2
1992, 406, 2
1992, 394, 2
1989, 446, 2
1990, 57, 2
1990, 323, 2
1997, 1120, 2
1990, 498, 2
1993, 551, 2
1991, 403, 2
1990, 123, 2
1991, 328, 2
1965, 290, 2
1994, 160, 2
1997, 1043, 2
1992, 19, 2
1990, 96, 2
1991, 227, 2
1994, 669, 2
1999, 1044, 2
1998, 603, 2
1998, 656, 2
1991, 626, 2
1994, 215, 2
1981, 123, 2
1986, 88, 2
1990, 99, 2
1991, 6, 2
1992, 336, 2
1994, 668, 2
1969, 216, 2
1945, 96, 2
1945, 203, 2
1945, 307, 2
1946, 73, 2
1945, 97, 2
1945, 144, 2
1945, 179, 2
1946, 389, 2
1946, 394, 2
1947, 7, 2
1956, 270, 2
1969, 95, 2
1991, 17, 2
1989, 359, 2
1989, 29, 2
1989, 127, 2
1989, 646, 2
1994, 397, 2
1996, 724, 2
1996, 770, 2
2000, 439, 2
2000, 545, 2
1996, 662, 2
1995, 729, 2
1996, 488, 2
1992, 112, 2
1969, 206, 2
1991, 279, 2
1989, 310, 2
1989, 591, 2
1997, 667, 2
2001, 143, 2
1989, 134, 2
1997, 781, 2
1985, 66, 2
1996, 497, 2
1996, 407, 2
1996, 722, 2
1991, 344, 2
1997, 503, 2
2001, 124, 2
2000, 986, 2
1996, 757, 2
1993, 496, 2
1990, 540, 2
1994, 83, 2
1994, 170, 2
1992, 369, 2
1997, 501, 2
1961, 297, 2
1999, 684, 2
1991, 816, 2
1997, 439, 2
2000, 581, 2
1989, 106, 2
1989, 115, 2
1989, 229, 2
1996, 55, 2
1996, 404, 2
1991, 149, 2
1993, 159, 2
1995, 143, 2
1987, 165, 2
1989, 108, 2
1990, 190, 2
1952, 182, 2
1960, 163, 2
1995, 577, 2
1959, 169, 2
1997, 668, 2
1991, 770, 2
1991, 926, 2
1994, 496, 2
1996, 356, 2
1991, 272, 2
1982, 425, 2
1998, 311, 2
1991, 258, 2
1998, 716, 2
1997, 700, 2
1985, 1016, 2
1985, 1123, 2
1997, 822, 2
1933, 162, 2
1948, 250, 2
1998, 1122, 2
1991, 518, 2
1991, 769, 2
1997, 1014, 2
1995, 731, 2
1997, 1126, 2
2000, 555, 2
1947, 265, 2
1990, 1255, 2
1999, 903, 2
1982, 80, 2
2000, 546, 2
1999, 461, 2
1998, 202, 2
1999, 310, 2
2000, 6, 2
1998, 714, 2
1999, 862, 2
1991, 713, 2
1995, 487, 2
1999, 1226, 2
1997, 684, 2
2000, 838, 2
1997, 95, 2
1998, 1125, 2
2000, 633, 2
1950, 332, 2
2000, 228, 2
2001, 498, 2
2001, 476, 2
2001, 813, 2
2001, 745, 2
1991, 668, 2
2001, 23, 2
1985, 1268, 2
2008, 291, 2
2003, 199, 2
2007, 1186, 2
2010, 189, 2
2010, 66, 2
2010, 1447, 2
2011, 626, 2
2011, 1111, 2
2010, 1131, 2
2011, 1100, 2
2009, 1045, 2
2011, 388, 2
2011, 715, 2
2011, 984, 2
2011, 766, 2
2011, 902, 2
2009, 619, 2
2010, 51, 2
2001, 636, 2
2001, 872, 2
1999, 1177, 2
2000, 442, 2
2001, 148, 2
2005, 1103, 2
2010, 673, 2
2011, 1392, 2
2008, 1371, 2
2002, 517, 2
2001, 641, 2
2004, 2603, 2
2004, 2782, 2
2005, 447, 2
2005, 550, 2
2003, 1175, 2
2005, 1105, 2
2006, 1027, 2
2003, 2142, 2
2004, 1547, 2
2004, 963, 2
2005, 1090, 2
2006, 546, 2
2001, 353, 2
2006, 1539, 2
2006, 1541, 2
2007, 691, 2
2005, 262, 2
2005, 725, 2
2005, 852, 2
2006, 1657, 2
2007, 658, 2
2007, 1361, 2
2007, 1549, 2
2008, 623, 2
2005, 1184, 2
2004, 2784, 2
2006, 1200, 2
2005, 1487, 2
2006, 1380, 2
2004, 964, 2
2005, 1182, 2
2011, 143, 2
2011, 484, 2
2002, 664, 2
2003, 16, 2
2001, 40, 2
2011, 1054, 2
2001, 972, 2
2005, 1240, 2
2009, 1395, 2
2010, 684, 2
2010, 724, 2
2010, 1418, 2
2010, 1435, 2
2010, 1621, 2
2011, 458, 2
2008, 1432, 2
2010, 98, 2
2005, 1202, 2
2010, 670, 2
2011, 900, 2
2001, 579, 2
2006, 529, 2
2007, 874, 2
2001, 1794, 2
2002, 109, 2
2002, 542, 2
2002, 362, 2
2002, 1185, 2
2003, 65, 2
2002, 1763, 2
2001, 1129, 2
2005, 1943, 2
2004, 1202, 2
2009, 1240, 2
2011, 397, 2
2010, 835, 2
2005, 2, 2
2004, 1055, 2
2006, 673, 2
2007, 410, 2
2009, 589, 2
2009, 307, 2
2007, 1207, 2
2008, 707, 2
2007, 492, 2
2004, 1807, 2
2004, 2777, 2
2002, 1674, 2
2006, 1844, 2
2010, 625, 2
2010, 1602, 2
2011, 78, 2
2011, 130, 2
2011, 202, 2
2011, 381, 2
2011, 549, 2
2011, 964, 2
2000, 856, 2
2006, 693, 2
2002, 968, 2
2002, 1090, 2
2002, 368, 2
2003, 944, 2
2003, 1267, 2
2002, 1687, 2
2010, 963, 2
2010, 1043, 2
2010, 1323, 2
2011, 341, 2
2011, 673, 2
2011, 732, 2
2011, 762, 2
2011, 1110, 2
2011, 1337, 2
2004, 27, 2
2005, 1111, 2
2001, 1797, 2
2006, 65, 2
2004, 96, 2
2011, 881, 2
2011, 1281, 2
2007, 981, 2
2008, 1065, 2
2008, 402, 2
2005, 785, 2
2006, 347, 2
2007, 1279, 2
2003, 1029, 2
2004, 885, 2
2003, 659, 2
2002, 2019, 2
2001, 1408, 2
2002, 329, 2
2003, 590, 2
2001, 123, 2
2001, 1083, 2
2010, 618, 2
2010, 617, 2
2011, 455, 2
2002, 1697, 2
1999, 1000, 2
2003, 759, 2
2005, 64, 2
2003, 2215, 2
2007, 559, 2
2001, 1323, 2
2003, 64, 2
2011, 675, 2
2011, 677, 2
2011, 1015, 2
2009, 1227, 2
2008, 39, 2
2009, 4, 2
2009, 459, 2
2009, 801, 2
2009, 520, 2
2008, 1058, 2
2008, 1420, 2
2007, 48, 2
2005, 188, 2
2004, 893, 2
2004, 286, 2
2002, 1187, 2
2004, 94, 2
2003, 1938, 2
2001, 1801, 2
2002, 1266, 2
2010, 1078, 2
2011, 1170, 2
2009, 145, 2
2007, 984, 2
2002, 1397, 2
2004, 627, 2
2005, 1399, 2
2004, 2408, 2
2011, 1370, 2
2009, 1658, 2
2011, 113, 2
2007, 1368, 2
2007, 1445, 2
2008, 1180, 2
2007, 467, 2
2008, 522, 2
2009, 1541, 2
2010, 1478, 2
2010, 358, 2
2002, 448, 2
2002, 995, 2
2003, 1122, 2
2007, 842, 2
2008, 916, 2
2008, 1201, 2
2009, 105, 2
2008, 1346, 2
2008, 1463, 2
2008, 708, 2
2009, 65, 2
2007, 1702, 2
2002, 557, 2
2004, 624, 2
2005, 288, 2
2002, 1231, 2
2002, 1372, 2
2003, 719, 2
2006, 992, 2
2009, 712, 2
2011, 1644, 2
2002, 1196, 2
2004, 574, 2
2003, 1002, 2
2002, 1686, 2
2002, 1286, 2
2003, 2050, 2
1972, 192, 2
2008, 1425, 2
2010, 222, 2
2010, 1497, 2
2008, 976, 2
2010, 1035, 2
2010, 125, 2
2003, 63, 2
2010, 648, 2
2008, 1656, 2
2002, 89, 2
2002, 2056, 2
2004, 1288, 2
2008, 524, 2
2008, 747, 2
2008, 1381, 2
2002, 2025, 2
2007, 747, 2
2003, 2049, 2
2004, 631, 2
2004, 875, 2
2003, 1504, 2
2007, 96, 2
2007, 433, 2
2002, 1514, 2
2004, 1181, 2
2005, 377, 2
2010, 1551, 2
2011, 934, 2
2011, 1204, 2
2011, 1660, 2
2010, 474, 2
2003, 2259, 2
2002, 372, 2
2002, 84, 2
2003, 1039, 2
2004, 2249, 2
2003, 1853, 2
2009, 877, 2
2009, 1164, 2
1985, 50, 1
1987, 18, 1
1988, 112, 1
1991, 421, 1
1994, 331, 1
1993, 118, 1
1993, 14, 1
1983, 176, 1
1986, 192, 1
1989, 12, 1
1990, 36, 1
1990, 87, 1
1990, 18, 1
1985, 142, 1
1986, 72, 1
1982, 882, 1
1982, 943, 1
1989, 298, 1
1989, 1, 1
1997, 225, 1
1949, 113, 1
1964, 51, 1
1995, 224, 1
1995, 780, 1
1995, 1120, 1
1933, 202, 1
1988, 325, 1
1990, 466, 1
1992, 467, 1
1993, 540, 1
1981, 85, 1
1990, 648, 1
1991, 132, 1
1988, 254, 1
1990, 74, 1
1990, 261, 1
1990, 496, 1
1990, 622, 1
1990, 181, 1
1980, 82, 1
1992, 602, 1
1992, 627, 1
1947, 270, 1
1947, 467, 1
1951, 75, 1
1951, 110, 1
1952, 108, 1
1982, 33, 1
1995, 679, 1
1995, 739, 1
1995, 971, 1
1980, 136, 1
1980, 550, 1
1980, 718, 1
1980, 1157, 1
1987, 166, 1
1983, 223, 1
1994, 386, 1
1991, 547, 1
1994, 713, 1
1992, 704, 1
1984, 181, 1
1989, 181, 1
1950, 173, 1
1958, 40, 1
1964, 297, 1
1994, 251, 1
1987, 83, 1
2000, 126, 1
1991, 484, 1
1994, 684, 1
1994, 887, 1
1994, 1112, 1
1997, 652, 1
1946, 17, 1
1989, 440, 1
1993, 181, 1
1993, 172, 1
1999, 321, 1
1980, 486, 1
1980, 646, 1
1980, 25, 1
1980, 426, 1
1989, 18, 1
1989, 654, 1
1995, 6, 1
1935, 199, 1
1947, 141, 1
1989, 17, 1
1996, 926, 1
1996, 945, 1
1997, 702, 1
1997, 1037, 1
1997, 1099, 1
1997, 1191, 1
1997, 1216, 1
1997, 1315, 1
1995, 7, 1
1998, 943, 1
1970, 35, 1
1973, 89, 1
1974, 319, 1
1996, 80, 1
1991, 50, 1
1987, 178, 1
1988, 2, 1
1989, 369, 1
1989, 198, 1
1993, 620, 1
1995, 405, 1
1990, 564, 1
1991, 239, 1
1991, 313, 1
1991, 591, 1
1991, 214, 1
1992, 127, 1
1992, 472, 1
1992, 34, 1
2000, 992, 1
1995, 234, 1
1972, 345, 1
1983, 79, 1
1985, 181, 1
1999, 257, 1
1999, 902, 1
1996, 661, 1
1987, 190, 1
1996, 771, 1
1963, 115, 1
1996, 256, 1
1933, 396, 1
1934, 855, 1
1936, 24, 1
1938, 15, 1
1938, 227, 1
1938, 258, 1
1939, 476, 1
1944, 19, 1
1944, 24, 1
1944, 44, 1
1945, 240, 1
1946, 28, 1
1946, 57, 1
1947, 4, 1
1947, 413, 1
1948, 183, 1
1949, 109, 1
1950, 333, 1
1950, 407, 1
1951, 138, 1
1951, 313, 1
1951, 466, 1
1954, 78, 1
1954, 116, 1
1958, 154, 1
1968, 6, 1
1972, 190, 1
1997, 21, 1
1964, 24, 1
1994, 425, 1
1970, 272, 1
1936, 237, 1
1954, 135, 1
1991, 114, 1
1991, 369, 1
1991, 661, 1
1991, 677, 1
1991, 724, 1
1991, 779, 1
1991, 884, 1
1991, 942, 1
1991, 194, 1
1996, 175, 1
1997, 467, 1
1996, 756, 1
1974, 198, 1
1974, 222, 1
2000, 959, 1
2001, 537, 1
1983, 139, 1
1984, 270, 1
1981, 474, 1
1981, 791, 1
1997, 485, 1
1969, 97, 1
1969, 98, 1
1990, 85, 1
1989, 99, 1
1990, 505, 1
1999, 142, 1
1950, 459, 1
1958, 356, 1
1982, 56, 1
1990, 312, 1
1993, 15, 1
1971, 124, 1
1964, 655, 1
1964, 852, 1
1964, 1037, 1
1966, 872, 1
1966, 1126, 1
1991, 1104, 1
1991, 1228, 1
1991, 1324, 1
1997, 347, 1
1997, 584, 1
1998, 550, 1
1998, 1041, 1
1998, 1251, 1
1998, 1315, 1
1998, 965, 1
1990, 1009, 1
1990, 1041, 1
2000, 78, 1
2000, 530, 1
2000, 618, 1
1996, 498, 1
1995, 120, 1
1961, 42, 1
1989, 433, 1
1997, 1027, 1
1985, 163, 1
1985, 406, 1
1993, 309, 1
1974, 124, 1
1991, 237, 1
1989, 434, 1
1999, 958, 1
1998, 604, 1
1964, 94, 1
1985, 141, 1
1989, 261, 1
1990, 417, 1
1984, 149, 1
1991, 453, 1
1984, 185, 1
1988, 169, 1
1991, 494, 1
1996, 721, 1
1958, 398, 1
1962, 166, 1
1971, 250, 1
1991, 646, 1
1997, 83, 1
1997, 405, 1
1997, 436, 1
1991, 85, 1
1991, 720, 1
1991, 449, 1
1993, 559, 1
1972, 342, 1
1985, 604, 1
1985, 679, 1
1985, 751, 1
1989, 461, 1
1998, 651, 1
1989, 668, 1
1989, 684, 1
1975, 461, 1
1998, 473, 1
1997, 751753, 1
1985, 944, 1
1971, 116, 1
1997, 486, 1
1997, 483, 1
1997, 802, 1
1990, 3, 1
1990, 163, 1
1990, 509, 1
1990, 591, 1
1985, 607, 1
1997, 925, 1
1946, 7, 1
1990, 943, 1
1998, 483, 1
1991, 538, 1
1991, 592, 1
1991, 776, 1
1991, 1121, 1
1982, 234, 1
1982, 400, 1
1982, 254, 1
1982, 451, 1
1982, 860, 1
1982, 1016, 1
1982, 1118, 1
1991, 163, 1
1991, 2, 1
1991, 110, 1
1991, 283, 1
1991, 355, 1
1991, 723, 1
1991, 589, 1
1998, 228, 1
1989, 372, 1
1989, 457, 1
1989, 491, 1
1967, 153, 1
1967, 495, 1
1967, 554, 1
1967, 770, 1
1967, 944, 1
1967, 1114, 1
1967, 500, 1
1994, 484, 1
1994, 589, 1
1994, 770, 1
1994, 883, 1
1997, 594, 1
1982, 24, 1
1982, 178, 1
1982, 640, 1
2000, 834, 1
1935, 99, 1
1994, 382, 1
1994, 1014, 1
1947, 266, 1
1994, 939, 1
1994, 945, 1
1990, 1178, 1
2000, 295, 1
1961, 320, 1
1961, 175, 1
1961, 192, 1
1963, 169, 1
1966, 161, 1
1990, 386, 1
1998, 95, 1
2000, 486, 1
1964, 757, 1
1996, 383, 1
1996, 948, 1
1991, 504, 1
1998, 1062, 1
1994, 483, 1
1994, 682, 1
1985, 1255, 1
1999, 965, 1
1990, 668, 1
1933, 311, 1
1959, 62, 1
1949, 297, 1
1960, 67, 1
1962, 169, 1
1968, 13, 1
1989, 55, 1
1989, 74, 1
1990, 90, 1
1965, 137, 1
1989, 422, 1
1996, 602, 1
1987, 127, 1
1990, 515, 1
1996, 469, 1
1994, 323, 1
1994, 324, 1
1998, 769, 1
1996, 152, 1
1996, 554, 1
1995, 1126, 1
1992, 754, 1
1992, 770, 1
1992, 776, 1
1992, 926, 1
1984, 770, 1
1996, 386, 1
1997, 1062, 1
1967, 215, 1
1982, 496, 1
1982, 471, 1
1995, 63, 1
1990, 636, 1
1990, 853, 1
1998, 20, 1
2000, 638, 1
1999, 1179, 1
2001, 424, 1
2000, 1234, 1
1971, 117, 1
1997, 1029, 1
1985, 1125, 1
1986, 132, 1
1991, 415, 1
1995, 884, 1
1998, 394, 1
2000, 564, 1
1999, 939, 1
1998, 298, 1
1998, 459, 1
2001, 388, 1
1999, 746, 1
2000, 352, 1
2000, 1196, 1
2001, 749, 1
1993, 43, 1
2000, 891, 1
2001, 807, 1
2001, 810, 1
1993, 1100, 1
2001, 639, 1
2001, 858, 1
1997, 1028, 1
1974, 1152, 1
1974, 239, 1
1974, 489, 1
1974, 1127, 1
1974, 1268, 1
1974, 301, 1
1936, 282, 1
2001, 640, 1
1997, 872, 1
1999, 1193, 1
1971, 29, 1
1971, 310, 1
1971, 475, 1
1999, 963, 1
1999, 1043, 1
2010, 613, 1
2009, 1223, 1
2010, 95, 1
2006, 722, 1
2008, 1390, 1
2009, 1362, 1
2009, 667, 1
2010, 1461, 1
2011, 584, 1
2010, 354, 1
2011, 828, 1
2011, 851, 1
2009, 1652, 1
2010, 355, 1
2010, 1306, 1
2004, 745, 1
2005, 851, 1
2006, 1050, 1
2006, 971, 1
2007, 1104, 1
2008, 1181, 1
2007, 883, 1
2008, 262, 1
2008, 1121, 1
2008, 1198, 1
2008, 1414, 1
2011, 768, 1
2011, 897, 1
2009, 1551, 1
2009, 1738, 1
2010, 527, 1
2010, 1427, 1
1999, 493, 1
1999, 698, 1
1999, 1037, 1
1999, 1268, 1
1996, 668, 1
1996, 1115, 1
1991, 1115, 1
1991, 756, 1
1991, 854, 1
2000, 179, 1
1982, 1268, 1
1991, 726, 1
1997, 475, 1
1997, 634, 1
1997, 761, 1
1997, 811, 1
1997, 954, 1
2000, 487, 1
1997, 550, 1
1997, 1249, 1
2001, 471, 1
2001, 1113, 1
2001, 937, 1
2001, 1084, 1
2001, 1195, 1
1997, 489, 1
1997, 718, 1
1997, 816, 1
1997, 852, 1
1997, 1158, 1
1997, 1314, 1
1997, 1382, 1
1997, 1441, 1
2000, 1556, 1
1961, 319, 1
1994, 554, 1
1994, 726, 1
1993, 484, 1
1994, 557, 1
1990, 255, 1
1991, 331, 1
1993, 67, 1
1993, 647, 1
2000, 273, 1
1989, 769, 1
1999, 1205, 1
1998, 1124, 1
1990, 214, 1
1999, 1225, 1
2000, 734, 1
1985, 575, 1
1994, 256, 1
1994, 678, 1
1996, 885, 1
1996, 943, 1
2001, 1268, 1
1999, 78, 1
2000, 1190, 1
1994, 787, 1
1994, 1119, 1
1986, 178, 1
1999, 751, 1
2001, 248, 1
2001, 563, 1
2000, 162, 1
1990, 554, 1
1990, 685, 1
1990, 769, 1
1990, 934, 1
1990, 153, 1
1990, 569, 1
1990, 661, 1
1994, 647, 1
1995, 115, 1
1997, 697, 1
1999, 690, 1
2011, 1529, 1
2009, 586, 1
2010, 760, 1
2010, 554, 1
2010, 1443, 1
2010, 1499, 1
2011, 1390, 1
1992, 1114, 1
2001, 1087, 1
1999, 1784, 1
2007, 115, 1
2008, 326, 1
2010, 1466, 1
2011, 945, 1
2011, 1321, 1
2003, 1749, 1
2011, 1097, 1
2002, 1068, 1
2006, 844, 1
2004, 2532, 1
2005, 1272, 1
2004, 95, 1
2004, 576, 1
2005, 1497, 1
2006, 1846, 1
2005, 1341, 1
2005, 2080, 1
2006, 1550, 1
2005, 264, 1
2005, 1259, 1
2006, 1040, 1
2001, 1532, 1
2002, 795, 1
2007, 474, 1
2005, 626, 1
2006, 602, 1
2006, 1193, 1
2006, 1833, 1
2007, 902, 1
2005, 786, 1
2006, 385, 1
2006, 1828, 1
2001, 808, 1
2010, 133, 1
2001, 169, 1
2004, 2441, 1
2003, 1011, 1
2003, 1635, 1
2003, 1828, 1
2001, 802, 1
2002, 974, 1
2002, 1572, 1
2007, 1028, 1
2011, 1058, 1
2011, 482, 1
2011, 735, 1
2011, 806, 1
2011, 854, 1
2011, 1342, 1
2006, 1191, 1
2005, 908, 1
1982, 2052, 1
2003, 389, 1
2002, 979, 1
2001, 1644, 1
2001, 1192, 1
2000, 1310, 1
2001, 1196, 1
2003, 495, 1
2005, 1631, 1
2006, 1078, 1
2004, 2774, 1
2001, 1796, 1
2002, 749, 1
2002, 1689, 1
2002, 1920, 1
2010, 12, 1
2011, 1101, 1
2001, 855, 1
1989, 874, 1
2002, 694, 1
2008, 1158, 1
2008, 443, 1
2008, 829, 1
2003, 1324, 1
2004, 1535, 1
2004, 2155, 1
2005, 66, 1
2005, 2252, 1
2008, 393, 1
2008, 900, 1
2008, 1343, 1
2008, 1466, 1
2004, 1596, 1
2008, 1459, 1
2010, 960, 1
2007, 1241, 1
2011, 1338, 1
2002, 1801, 1
2011, 1376, 1
2008, 1411, 1
2008, 1461, 1
2008, 1573, 1
2006, 1378, 1
2006, 1831, 1
2008, 856, 1
2004, 1529, 1
2011, 1195, 1
2005, 1015, 1
2005, 1944, 1
2001, 1592, 1
2001, 1590, 1
2001, 574, 1
2002, 1269, 1
1951, 28, 1
1960, 297, 1
1990, 159, 1
2001, 967, 1
2006, 1121, 1
2006, 62, 1
2004, 2598, 1
2011, 112, 1
2011, 134, 1
2011, 550, 1
2011, 588, 1
2011, 889, 1
2004, 1712, 1
2006, 709, 1
2008, 1199, 1
2004, 1159, 1
2004, 2647, 1
2008, 59, 1
2008, 1428, 1
2008, 1572, 1
2006, 1122, 1
2005, 1461, 1
2005, 2131, 1
2002, 559, 1
2001, 724, 1
1997, 399, 1
2006, 1629, 1
2011, 867, 1
2002, 1398, 1
2003, 1299, 1
2006, 1354, 1
2009, 403, 1
2001, 1362, 1
2003, 1112, 1
1997, 1127, 1
2001, 1148, 1
2002, 1270, 1
2000, 319, 1
2003, 974, 1
2007, 404, 1
2010, 619, 1
2008, 585, 1
2010, 99, 1
2002, 1389, 1
2002, 391, 1
2004, 1551, 1
2004, 1709, 1
2005, 267, 1
2003, 1663, 1
2005, 2020, 1
2006, 518, 1
2006, 1032, 1
2005, 1119, 1
2001, 1439, 1
2004, 1317, 1
2008, 620, 1
2009, 119, 1
2009, 911, 1
2009, 963, 1
2009, 1475, 1
2010, 191, 1
2011, 201, 1
2011, 734, 1
2008, 1416, 1
2010, 224, 1
2010, 903, 1
2011, 1001, 1
2011, 1112, 1
2008, 1539, 1
2009, 1501, 1
2011, 18, 1
2008, 892, 1
2009, 957, 1
2007, 47, 1
2001, 389, 1
2001, 1384, 1
2006, 1830, 1
2002, 1263, 1
2002, 300, 1
2004, 77, 1
2007, 345, 1
2000, 1313, 1
2006, 473, 1
2011, 721, 1
2011, 431, 1
2010, 1652, 1
2011, 226, 1
2011, 1243, 1
2010, 685, 1
2011, 1061, 1
2011, 963, 1
2007, 689, 1
2007, 1103, 1
2007, 1369, 1
2007, 1821, 1
2009, 1, 1
2009, 572, 1
2009, 1650, 1
2009, 785, 1
2010, 141, 1
2010, 204, 1
2010, 1130, 1
2008, 1410, 1
2009, 786, 1
2007, 328, 1
2002, 981, 1
2004, 1667, 1
2005, 1442, 1
2001, 1361, 1
2002, 299, 1
2002, 1500, 1
2005, 1251, 1
2007, 94, 1
2007, 1374, 1
2008, 359, 1
2008, 902, 1
2008, 1289, 1
2009, 3, 1
2011, 1113, 1
2011, 1209, 1
2011, 1372, 1
2004, 2268, 1
2006, 857, 1
2010, 672, 1
2007, 846, 1
2008, 1057, 1
2009, 818, 1
2011, 1003, 1
2011, 1326, 1
2004, 1759, 1
2005, 1441, 1
2005, 1457, 1
2006, 128, 1
2006, 1337, 1
2007, 327, 1
2007, 974, 1
2008, 1111, 1
2009, 420, 1
2010, 142, 1
2011, 679, 1
2006, 1008, 1
2006, 1829, 1
2008, 625, 1
2008, 901, 1
2008, 1095, 1
2008, 1113, 1
2002, 204, 1
2002, 691, 1
2006, 1694, 1
2002, 221, 1
2005, 1247, 1
2007, 665, 1
2007, 1373, 1
2007, 1844, 1
2008, 914, 1
2007, 957, 1
1997, 1151, 1
2000, 169, 1
2002, 1681, 1
2000, 1090, 1
2001, 1783, 1
2003, 1300, 1
2006, 877, 1
2011, 1099, 1
2001, 1300, 1
2003, 1689, 1
2003, 2271, 1
2008, 1342, 1
2008, 899, 1
2010, 105, 1
2009, 309, 1
2004, 531, 1
2009, 1220, 1
2007, 1236, 1
2006, 362, 1
2006, 875, 1
2007, 1394, 1
2009, 804, 1
2008, 817, 1
2009, 334, 1
2006, 1432, 1
2007, 848, 1
2010, 1041, 1
2011, 1207, 1
2002, 1823, 1
2005, 422, 1
2006, 359, 1
2006, 440, 1
1991, 435, 1
2005, 1315, 1
2007, 405, 1
2005, 2255, 1
2004, 40, 1
2002, 1067, 1
2002, 927, 1
1990, 756, 1
1990, 1118, 1
2001, 1197, 1
2002, 2057, 1
2001, 209, 1
2003, 2016, 1
2002, 596, 1
2000, 1116, 1
2001, 83, 1
2003, 1591, 1
2002, 332, 1
2002, 733, 1
2001, 805, 1
2002, 2053, 1
2002, 1731, 1
2008, 192, 1
2009, 791, 1
2002, 1180, 1
2001, 1114, 1
2003, 198, 1
2004, 533, 1
2004, 883, 1
2001, 1351, 1
2001, 623, 1
2004, 145, 1
2004, 288, 1
2004, 874, 1
2004, 1100, 1
2004, 884, 1
2004, 465, 1
2004, 632, 1
1974, 64, 1
1958, 138, 1
1961, 47, 1
1961, 159, 1
1973, 282, 1
2001, 1298, 1
2002, 656, 1
2004, 37, 1
2004, 892, 1
2009, 975, 1
2004, 466, 1
2005, 1965, 1
2009, 1710, 1
2000, 443, 1
2010, 1496, 1
2010, 1657, 1
2011, 695, 1
2010, 233, 1
2010, 1395, 1
2011, 1377, 1
2011, 332, 1
2007, 287, 1
2009, 1222, 1
2010, 489, 1
2009, 340, 1
2010, 1118, 1
2003, 2019, 1
2000, 1168, 1
2003, 361, 1
2002, 1680, 1
2004, 226, 1
2002, 1061, 1
2002, 1142, 1
2002, 1750, 1
2002, 1935, 1
2002, 2255, 1
2004, 2775, 1
2011, 1006, 1
2006, 1614, 1
2008, 1182, 1
2010, 1592, 1
2011, 1385, 1
2009, 860, 1
2011, 1182, 1
2011, 1210, 1
2002, 363, 1
2003, 1537, 1
2004, 1845, 1
2002, 58, 1
2002, 731, 1
2002, 996, 1
2002, 1457, 1
2003, 1873, 1
2006, 969, 1
2006, 1412, 1
2006, 1825, 1
2008, 730, 1
2009, 587, 1
2010, 708, 1
2009, 1217, 1
2007, 720, 1
2007, 1446, 1
2007, 1240, 1
2007, 1290, 1
2009, 1707, 1
2010, 1507, 1
2008, 1664, 1
2009, 584, 1
2009, 1553, 1
2010, 359, 1
2010, 471, 1
2001, 974, 1
2001, 1786, 1
2003, 2263, 1
2004, 1678, 1
2003, 1116, 1
2004, 591, 1
2002, 1383, 1
2003, 1069, 1
2006, 446, 1
2009, 339, 1
2003, 154, 1
2003, 2219, 1
2005, 114, 1
2006, 551, 1
2002, 967, 1
2002, 1361, 1
2002, 2060, 1
2003, 1936, 1
2006, 456, 1
2007, 468, 1
2005, 2118, 1
2006, 268, 1
2006, 1536, 1
2004, 2772, 1
2006, 997, 1
2007, 218, 1
2007, 851, 1
2006, 218, 1
2007, 431, 1
2007, 484, 1
2004, 104, 1
2004, 1907, 1
2004, 1838, 1
2002, 369, 1
2001, 359, 1
2002, 86, 1
2007, 215, 1
2004, 293, 1
2001, 1352, 1
2003, 661, 1
2004, 878, 1
2005, 1567, 1
2008, 634, 1
2008, 1417, 1
2009, 38, 1
2009, 75, 1
2003, 962, 1
2003, 1839, 1
2011, 1599, 1
2011, 639, 1
2008, 293, 1
2011, 659, 1
2011, 1192, 1
2004, 1758, 1
2009, 768, 1
2007, 418, 1
2009, 1484, 1
2010, 1509, 1
2001, 1381, 1
2002, 1181, 1
2002, 1265, 1
2001, 1079, 1
2003, 451, 1
2004, 1267, 1
2008, 1281, 1
2010, 124, 1
2010, 871, 1
